r_lateralorbitofrontal  55.964199  86.828723  26.615948 
r_parsorbitalis  51.139614  68.934166  32.673099 
r_frontalpole  29.370370  99.234568  38.259259 
r_medialorbitofrontal  49.265398 101.797312  28.711646 
r_parstriangularis  61.874595  65.881081  43.203784 
r_parsopercularis  83.690032  65.642444  49.347267 
r_rostralmiddlefrontal  53.146184  78.701520  56.466964 
r_superiorfrontal  71.707659  96.485745  72.992757 
r_caudalmiddlefrontal  91.306763  77.870048  75.298068 
r_precentral 108.972454  71.943030  68.560100 
r_paracentral 127.752328  98.664804  74.998138 
r_rostralanteriorcingulate  56.569514 101.438861  45.524288 
r_caudalanteriorcingulate  77.645030 101.331643  58.525355 
r_posteriorcingulate 115.625899 100.320863  58.853237 
r_isthmuscingulate 137.101828  98.883812  37.787206 
r_postcentral 120.834531  68.388407  66.153579 
r_supramarginal 130.921363  59.938504  51.685451 
r_superiorparietal 160.331295  88.009079  62.175468 
r_inferiorparietal 158.340794  68.371638  44.392138 
r_precuneus 151.607639  96.202877  52.119544 
r_cuneus 169.000000  98.541549  28.554225 
r_pericalcarine 168.447171  95.282890  19.383776 
r_lateraloccipital 175.739611  78.085218  19.736981 
r_lingual 159.037461  90.826709  12.040892 
r_fusiform 138.271490  74.039673   7.332555 
r_parahippocampal 119.438411  84.573510  10.249007 
r_entorhinal  92.155080  85.860963   3.663102 
r_temporalpole  76.237805  80.640244   4.347561 
r_inferiortemporal 128.062138  61.558472   7.096102 
r_middletemporal 119.308646  54.675716  13.454116 
r_bankssts 129.694343  58.342153  26.093978 
r_superiortemporal  98.493198  59.878308  21.899085 
r_transversetemporal 110.352246  65.631206  31.179669 
r_insula  92.795198  75.646252  33.320431 
l_lateralorbitofrontal  55.395824 129.045164  26.340861 
l_parsorbitalis  52.502899 149.459420  30.294203 
l_frontalpole  27.056497 115.519774  37.158192 
l_medialorbitofrontal  48.094757 115.116235  29.118130 
l_parstriangularis  64.543562 150.639938  40.801850 
l_parsopercularis  78.290306 149.352551  52.742347 
l_rostralmiddlefrontal  49.270317 135.767390  54.204545 
l_superiorfrontal  73.310014 117.907650  72.385953 
l_caudalmiddlefrontal  87.189704 136.095663  74.743008 
l_precentral 106.456041 144.312535  64.462091 
l_paracentral 129.312239 116.347705  74.770515 
l_rostralanteriorcingulate  53.215529 113.829987  42.186078 
l_caudalanteriorcingulate  80.545120 113.425414  56.440147 
l_posteriorcingulate 116.829486 114.287416  58.561430 
l_isthmuscingulate 138.657208 115.131669  40.496027 
l_postcentral 120.522203 146.927930  64.120116 
l_supramarginal 131.367973 153.685406  51.393242 
l_superiorparietal 160.021436 128.323697  61.240905 
l_inferiorparietal 160.782303 144.285714  44.407905 
l_precuneus 153.783342 117.776401  53.881755 
l_cuneus 172.877083 113.802083  30.513889 
l_pericalcarine 170.470772 118.007015  20.080281 
l_lateraloccipital 177.278370 133.240938  16.600569 
l_lingual 156.220838 120.340948  13.868467 
l_fusiform 138.035853 139.142245   6.547155 
l_parahippocampal 118.482650 128.963722   8.585174 
l_entorhinal  93.616236 131.228782   2.756458 
l_temporalpole  73.293515 137.549488   4.716724 
l_inferiortemporal 134.339738 151.733442   9.246116 
l_middletemporal 118.885320 158.180854  13.046579 
l_bankssts 135.568532 156.399838  25.344688 
l_superiortemporal 101.885310 154.613958  22.551733 
l_transversetemporal 112.980176 147.101322  29.856828 
l_insula  93.993177 138.634503  34.509259 
