
Fp1 -0.23521 0.95437 0.184
Fp2 0.23399 0.95214 0.19666
F3 -0.48979 0.62446 0.6084
F4 0.45874 0.6077 0.64827
C3 -0.74251 -0.1359 0.65591
C4 0.67272 -0.18801 0.71561
P3 -0.60483 -0.79294 0.073628
P4 0.49679 -0.85836 0.12816
O1 -0.31311 -0.7557 -0.57522
O2 0.22526 -0.79209 -0.56733
F7 -0.68323 0.72915 0.039221
F8 0.69254 0.71749 0.074819
T7 -0.95195 0.20717 -0.22553
T8 0.97516 0.14702 -0.16571
P7 -0.78445 -0.41598 -0.46
P8 0.75253 -0.51122 -0.41516
Fz -0.02527 0.55748 0.8298
Cz -0.055726 -0.26984 0.96129
Pz -0.067551 -0.94772 0.31187
Oz -0.047366 -0.80548 -0.59073
FC1 -0.37315 0.20719 0.90434
FC2 0.29811 0.1904 0.93535
CP1 -0.41828 -0.62671 0.65747
CP2 0.29866 -0.66028 0.68908
FC5 -0.84815 0.39335 0.35485
FC6 0.83557 0.35781 0.41688
CP5 -0.93527 -0.34686 0.070469
CP6 0.88037 -0.44355 0.16797
POz -0.060556 -0.98555 -0.15818
F1 -0.26502 0.57759 0.77211
F2 0.2193 0.56867 0.7928
C1 -0.43135 -0.22819 0.87285
C2 0.33414 -0.2564 0.90698
P1 -0.34813 -0.90326 0.25085
P2 0.22015 -0.93562 0.27596
AF3 -0.29544 0.84651 0.44288
AF4 0.28075 0.8409 0.46268
FC3 -0.65465 0.29336 0.69668
FC4 0.60511 0.26192 0.75183
CP3 -0.72242 -0.53419 0.43903
CP4 0.62539 -0.59855 0.50061
PO3 -0.39255 -0.87269 -0.29037
PO4 0.28696 -0.9236 -0.25419
F5 -0.64194 0.68286 0.34874
F6 0.63184 0.66451 0.399
C5 -0.96821 0.030229 0.2483
C6 0.93918 -0.044828 0.34048
P5 -0.7624 -0.6233 -0.17392
P6 0.6889 -0.71852 -0.095619
AF7 -0.46599 0.87559 0.12731
AF8 0.46793 0.87093 0.15004
FT7 -0.85747 0.50633 -0.09147
FT8 0.87735 0.47797 -0.042579
TP7 -0.92235 -0.1153 -0.36876
TP8 0.92744 -0.20457 -0.31306
PO7 -0.56593 -0.62875 -0.5333
PO8 0.50337 -0.71873 -0.47963
FT9 -0.70213 0.56439 -0.43414
FT10 0.71779 0.54748 -0.43016
Fpz -0.0012122 0.97945 0.20171
CPz -0.064604 -0.67291 0.73689